-576	306	425
60	311	-429
-3	264	-483
-87	243	-492
-188	184	-498
-237	166	-491
-231	143	-507
-210	121	-528
-191	99	-545
-180	97	-549
-155	132	-544
-128	222	-508
-123	276	-472
-141	355	-392
-253	420	-208
-252	455	-108
-239	463	3
-241	424	110
-261	399	138
-298	359	152
-433	125	215
-356	83	291
-241	-32	372
-199	-89	404
-39	-85	510
79	-98	595
318	-392	486
378	-498	285
347	-465	118
364	-463	-2
388	-489	-163
384	-451	-317
360	-420	-389
354	-382	-429
342	-335	-471
321	-332	-487
299	-279	-519
258	-230	-554
166	-186	-589
119	-182	-600
73	-196	-603
20	-181	-604
-3	-131	-603
-87	-221	-588
-185	-189	-566
-279	-70	-524
-321	110	-454
-247	316	-369
-125	479	-190
-48	512	-64
10	500	37
40	464	115
30	438	148
-27	459	100
-146	477	-41
-161	436	-253
-139	333	-411
-62	65	-583
44	-119	-612
45	-294	-585
52	-411	-534
132	-518	-438
256	-564	-300
399	-495	-77
414	-423	54
364	-377	160
273	-327	259
-67	-30	431
-233	141	364
-278	286	246
-253	404	93
-252	413	55
-222	434	39
-210	448	-22
-231	434	-92
-250	426	-57
-271	402	-156
-303	328	-268
-325	280	-307
-331	237	-349
-331	199	-377
-321	136	-425
-319	106	-443
-310	89	-456
-324	114	-431
-343	104	-422
-358	19	-438
-300	-247	-483
5	-446	-515
192	-473	-481
238	-478	-459
324	-438	-440
423	-332	-431
447	-207	-455
338	-49	-529
298	-36	-545
269	50	-537
253	104	-523
258	141	-504
259	159	-496
246	195	-481
215	222	-473
143	259	-469
44	272	-471
-103	230	-480
-118	206	-492
-116	158	-518
-68	23	-577
-105	-24	-579
-98	46	-570
-9	57	-579
-28	3	-589
-66	-18	-590
-60	27	-579
-81	80	-559
-104	56	-560
-126	-48	-573
-109	-262	-565
-34	-317	-567
33	-351	-561
97	-353	-558
108	-342	-562
-238	-278	-511
-323	-35	-474
-193	248	-433
-44	298	-444
59	231	-502
95	159	-541
83	134	-554
91	22	-589
43	-112	-604
-81	-248	-579
-226	-233	-526
-263	-232	-507
-319	-172	-477
-378	-124	-425
-437	-96	-352
-498	-12	-218
-481	147	9
-411	171	168
-506	172	324
-205	163	351
-155	141	379
-181	66	391
-207	-18	394
-245	-192	357
-261	-221	341
-285	-280	303
-288	-337	274
-248	-411	250
-150	-569	139
-72	-634	45
47	-659	-19
193	-646	-80
255	-626	-94
152	-657	-65
110	-669	-152
67	-660	-242
-49	-631	-306
-126	-453	-486
-204	-288	-531
-251	-141	-528
-315	52	-455
-342	168	-368
-320	261	-308
-261	360	-219
-183	429	-124
-182	432	-22
-240	366	109
-282	297	175
-335	200	209
-373	78	234
-373	-13	252
-344	-85	281
-304	-99	302
-280	-53	320
-233	62	355
-309	378	-18
-239	368	-271
-195	112	-521
-137	-247	-572
-199	-522	-387
-253	-582	-216
-287	-566	-2
-243	-496	185
-160	-362	336
-65	-233	406
-333	98	277
-379	175	184
-336	265	158
-269	324	162
-142	424	99
-181	425	60
-206	426	-109
-217	386	-234
-175	318	-373
-244	166	-461
-266	162	-449
-339	20	-461
-298	-188	-507
-279	-263	-503
-301	-280	-483
-242	-328	-508
-121	-364	-548
-73	-360	-561
-13	-305	-585
-108	-240	-578
-193	-96	-555
-243	102	-482
-134	416	-217
186	391	123
78	264	298
-3	136	368
-25	66	399
13	-434	340
83	-608	191
120	-671	83
160	-690	-20
161	-689	-156
140	-607	-377
8	-391	-556
-82	-248	-584
-114	-143	-586
-115	-11	-571
-206	103	-496
-326	235	-310
-330	299	-197
-345	305	-108
-345	293	14
-312	229	162
-198	176	255
-70	52	314
-26	47	332
82	-178	420
136	-386	389
130	-528	313
47	-622	217
-6	-621	200
-63	-615	195
-46	-584	236
-8	-499	328
7	-279	442
-62	135	377
-71	247	299
-17	292	275
-66	373	186
-141	428	36
-159	437	-22
-169	434	-113
-176	411	-199
-160	385	-277
-71	170	-522
-30	-15	-594
31	-194	-608
38	-275	-597
70	-373	-566
102	-418	-547
171	-444	-527
236	-468	-497
226	-506	-470
190	-440	-524
182	-397	-548
175	-379	-557
193	-408	-541
203	-483	-500
187	-580	-407
143	-624	-313
146	-652	-226
175	-725	-209
222	-592	-411
258	-509	-465
295	-426	-499
218	-309	-574
-1	-422	-543
-177	-423	-487
-321	-312	-444
-302	-204	-475
-257	-247	-494
-127	-302	-546
144	-411	-538
287	-450	-475
324	-566	-343
204	-686	-192
54	-694	-44
-40	-641	65
-81	-594	128
-80	-583	144
-24	-629	91
294	-645	-192
234	-538	-446
150	-375	-569
7	-323	-588
-108	-412	-525
-125	-464	-485
-51	-411	-537
-28	-340	-574
20	-298	-593
178	-136	-609
238	-60	-594
216	40	-584
197	108	-566
227	84	-565
240	83	-559
226	49	-572
215	111	-551
146	240	-500
-91	243	-494
-164	218	-485
-213	189	-481
-250	133	-491
-267	97	-493
-244	149	-485
-69	220	-515
146	198	-531
277	-92	-575
129	-356	-552
-141	-340	-542
-217	-391	-480
-299	-437	-387
-282	-491	-352
-309	-425	-390
-248	-285	-508
-225	-298	-518
-101	-375	-538
173	-372	-546
147	236	-491
-78	277	-458
-214	204	-458
-292	101	-464
-323	-4	-476
-320	-87	-487
-312	-47	-489
-259	67	-501
7	269	-478
374	-119	-519
59	-446	-523
-75	-386	-538
-153	-293	-549
-216	-217	-539
-247	-199	-524
-166	-253	-552
66	-358	-561
250	-197	-567
34	221	-507
-125	170	-514
-193	96	-518
-193	51	-531
-199	-28	-546
-192	-181	-553
-71	-254	-578
-35	-288	-573
-12	-316	-569
-231	-253	-518
-326	-30	-471
-227	196	-452
-110	280	-443
-53	285	-451
22	328	-422
35	357	-392
36	349	-399
-9	340	-408
-78	70	-567
-150	-373	-517
-198	-445	-448
-244	-496	-366
-234	-570	-255
-162	-620	-208
-5	-668	-89
105	-657	-22
96	-625	86
80	-548	213
-39	-219	421
-33	25	436
-34	77	427
-49	44	433
-88	181	386
-44	316	305
99	442	124
343	365	-157
399	255	-289
335	284	-325
313	290	-335
322	273	-347
256	334	-325
221	351	-323
283	285	-364
319	208	-412
111	282	-439
-35	328	-394
-194	77	-511
-199	-150	-542
-199	-177	-540
-215	-177	-533
-230	-70	-528
-119	212	-478
-16	364	-368
165	449	-22
175	445	-93
151	347	217
139	169	350
66	-79	410
-34	-188	395
-71	-259	371
-126	-344	326
-229	-443	205
-342	-470	21
-385	-449	-71
-424	-396	-153
-174	-322	-520
-76	-228	-577
-42	-221	-585
2	-187	-595
98	-75	-598
182	42	-564
243	27	-549
271	15	-541
243	81	-533
177	66	-556
238	67	-541
304	39	-521
360	44	-482
381	66	-457
377	-226	-488
427	-162	-458
442	107	-371
347	353	-164
153	440	60
88	422	140
26	330	273
60	258	325
120	180	356
194	100	367
264	-115	360
268	-292	314
318	-419	204
297	-579	-25
348	-560	-160
316	-562	-252
264	-566	-320
243	-530	-394
200	-471	-475
126	-441	-516
88	-396	-547
38	-341	-571
54	-313	-578
87	-271	-590
109	-175	-600
195	9	-570
342	132	-461
363	160	-427
347	168	-433
334	160	-448
317	63	-507
302	-102	-546
267	-351	-516
263	-501	-411
245	-585	-295
269	-607	-190
284	-603	-91
260	-598	-2
222	-561	120
228	-413	280
222	-224	368
184	4	395
176	111	374
187	202	332
201	286	268
-203	389	140
-477	168	25
-478	169	6
-497	132	-12
-523	50	-27
-526	-187	-96
-471	-322	-207
-431	-348	-277
-358	-424	-327
-187	-515	-396
-100	-432	-505
-68	-314	-567
-95	-205	-583
-93	-145	-588
-238	11	-515
-128	-68	-575
-26	-118	-597
-17	-206	-594
21	-320	-572
44	-333	-570
81	-359	-561
152	-436	-512
194	-487	-467
166	-491	-472
286	-296	-534
242	-313	-546
243	-331	-540
281	-342	-519
213	-370	-533
106	-350	-563
119	-293	-580
223	-266	-563
222	-213	-574
41	202	-511
55	91	-564
42	97	-563
-14	157	-538
-55	195	-513
-121	231	-472
-213	206	-450
-274	145	-449
-269	114	-467
-229	154	-471
-211	114	-497
-214	28	-525
-222	-59	-538
-229	-201	-531
-218	-269	-525
-137	-327	-540
-49	-346	-557
24	-314	-574
113	-214	-595
154	-165	-594
195	-111	-586
226	-22	-569
270	26	-544
253	112	-520
205	202	-491
204	215	-483
222	214	-477
151	199	-506
124	206	-507
163	161	-525
235	58	-548
290	-238	-542
287	-392	-488
149	-491	-474
-89	-415	-512
-189	-314	-521
-191	-341	-511
-179	-459	-450
-263	-347	-471
-269	-315	-482
-315	-200	-480
-320	-64	-482
-249	87	-494
-210	136	-494
-181	176	-489
-185	233	-452
-149	261	-444
-65	261	-469
27	240	-494
65	185	-525
114	-29	-594
107	-210	-597
126	-245	-590
72	-340	-568
12	-342	-567
-79	-368	-543
-112	-290	-560
-193	-171	-553
-244	-12	-522
-234	103	-494
-182	170	-489
-117	206	-494
-38	258	-478
28	280	-466
123	284	-461
154	276	-459
151	271	-464
125	238	-494
122	217	-509
134	232	-496
117	267	-474
85	281	-468
-54	295	-449
-57	278	-462
-55	280	-460
-5	276	-468
22	268	-477
15	245	-492
119	208	-510
267	34	-545
273	-107	-565
243	-216	-569
195	-263	-576
8	-248	-597
-74	-208	-593
-126	-158	-583
-138	-159	-582
-171	-99	-570
-192	-64	-561
-210	-49	-551
-243	-51	-536
-268	-67	-524
-263	-28	-519
-260	-7	-518
-259	41	-505
-253	87	-492
-236	109	-492
-223	115	-496
-204	163	-482
-141	244	-459
-120	273	-444
37	286	-457
97	252	-482
115	243	-486
151	195	-508
154	183	-514
155	157	-529
150	159	-527
181	187	-505
157	188	-512
-36	227	-494
-58	211	-501
-43	213	-502
-33	184	-519
-46	156	-531
-42	131	-543
90	66	-572
195	-10	-575
246	4	-554
260	37	-541
327	-43	-527
354	-139	-520
346	-222	-517
325	-228	-528
267	-273	-543
216	-295	-556
143	-311	-570
136	-313	-569
108	-328	-568
-22	172	-522
49	4	-579
223	373	-269
275	344	235
-22	8	451
-16	-295	421
199	-62	434
361	-44	389
390	-165	364
654	-367	-83
632	-278	4
629	-267	23
628	-272	23
562	84	9
618	-90	202
84	-38	457
61	-30	455
91	-17	449
76	30	448
75	14	450
14	11	452
22	116	441
32	42	549
78	-83	517
109	40	435
26	264	343
30	418	158
6	464	-135
-79	463	-77
-116	446	-138
-43	369	-361
-17	162	-533
-115	272	-443
-115	274	-444
-74	396	-324
-44	335	-414
-31	354	-399
45	312	-447
68	335	-424
88	314	-442
73	345	-414
69	350	-410
29	367	-396
-17	382	-374
-44	439	-283
-78	453	-241
-432	-48	-382
-408	-182	-408
-313	-228	-490
-97	-280	-580
158	-311	-579
329	-220	-543
428	-289	-458
446	-499	-252
424	-549	-128
377	-550	15
374	-568	-60
223	-644	-38
-51	-538	221
-173	-643	-93
-495	-291	65
-265	222	305
-230	201	340
-214	266	315
-111	261	353
339	40	312
480	-312	117
351	-428	168
172	-534	168
31	-589	105
-33	-585	101
-50	-549	160
107	-422	294
164	-242	383
-72	245	369
-190	400	194
-206	436	112
-245	448	-62
-224	456	-92
-202	467	-81
-175	475	-88
-185	407	-283
-171	248	-463
-100	52	-577
-105	49	-575
-93	161	-536
-57	173	-539
-18	146	-556
46	134	-564
126	123	-563
199	118	-551
241	100	-543
237	123	-534
205	156	-529
101	237	-506
32	239	-512
-111	205	-510
-146	222	-489
-82	227	-504
-49	245	-501
-25	307	-457
14	390	-366
18	401	-357
154	375	-369
248	348	-357
349	296	-339
402	216	-370
385	126	-446
405	-3	-479
299	-383	-498
141	-449	-513
-48	-392	-543
-137	-271	-564
-158	-186	-571
-174	-149	-568
-215	-129	-552
-240	-70	-539
-221	43	-528
-168	131	-520
-113	183	-516
-13	248	-493
-41	251	-489
-149	217	-483
-257	-276	-511
-53	-450	-509
96	-476	-501
175	-437	-511
281	-339	-522
333	-326	-499
499	-42	-386
303	344	-311
1	395	-355
-303	202	-405
-272	42	-503
-215	-101	-556
-256	-149	-533
-286	-277	-491
-283	-352	-465
-343	-323	-431
-337	-414	-375
-330	-412	-386
-242	-511	-371
-18	-596	-375
228	-540	-402
319	-428	-453
163	-340	-561
38	-307	-581
-61	-267	-581
-54	-285	-577
-42	-371	-549
-28	-440	-517
-56	-481	-485
-100	-499	-458
-185	-487	-428
-207	-517	-386
-250	-522	-342
-290	-512	-307
-442	-226	-352
-417	-46	-399
-309	168	-424
-24	298	-458
116	329	-426
170	317	-422
220	304	-415
241	285	-424
291	395	-227
307	422	-105
316	419	-46
261	402	136
272	289	268
320	188	301
305	166	320
266	181	335
232	247	318
208	393	187
137	438	163
142	412	204
214	270	314
232	122	378
158	-59	427
140	-274	385
94	-558	169
68	-579	137
58	-592	107
104	-617	28
173	-619	-27
224	-604	-22
234	-599	-9
245	-577	52
297	-529	100
375	-481	81
380	-535	-156
190	-592	-326
45	-567	-403
4	-542	-429
-83	-445	-499
-108	-321	-554
-113	-135	-586
-93	33	-575
-78	182	-523
-41	286	-462
-97	334	-408
-109	380	-352
-137	396	-314
-158	357	-358
-156	243	-466
-161	-58	-573
-100	-285	-572
-16	-458	-507
19	-468	-499
-9	-528	-445
20	-580	-389
178	-574	-371
165	-528	-435
165	-464	-495
202	-403	-522
193	-356	-549
185	-324	-563
182	-301	-573
190	-268	-579
190	-259	-580
175	-234	-589
163	-236	-591
114	-254	-595
86	-282	-592
96	-277	-591
122	-273	-587
141	-294	-579
160	-290	-578
245	-261	-559
430	-169	-459
420	-440	-330
374	-507	-296
354	-535	-275
306	-572	-270
277	-591	-256
304	-582	-237
354	-511	-318
397	-409	-386
405	-359	-417
396	-371	-417
388	-385	-412
386	-388	-413
385	-392	-413
387	-400	-403
386	-410	-395
389	-410	-395
396	-411	-387
402	-410	-379
405	-421	-364
398	-462	-328
410	-420	-357
418	-404	-365
417	-402	-371
408	-408	-377
387	-436	-370
378	-451	-366
385	-455	-355
351	-504	-336
345	-529	-297
410	-518	-135
447	-470	-36
329	-572	-211
304	-596	-169
297	-604	-143
111	-650	8
59	-651	25
-2	-553	214
-39	40	436
-9	267	349
5	348	282
-17	373	255
-48	369	257
-28	385	246
-33	488	-12
109	455	-222
172	397	-313
194	347	-369
191	384	-320
205	350	-368
210	375	-330
172	264	-462
134	245	-486
114	220	-506
70	174	-535
61	107	-565
58	6	-593
56	-6	-594
38	35	-586
23	69	-573
0	136	-546
-35	124	-548
-70	39	-571
-101	-61	-582
-137	-163	-575
-54	-206	-591
-78	-265	-575
-67	-259	-580
-33	-264	-587
-27	-258	-589
-33	-258	-588
-42	-285	-583
-48	-305	-575
-60	-308	-572
-83	-279	-578
-175	-219	-558
-210	-183	-546
-255	-98	-527
-301	-46	-490
-322	-52	-476
-347	-34	-454
-360	-54	-443
-368	-75	-432
-363	-14	-424
-300	21	-464
-305	42	-452
-310	72	-439
-282	75	-460
-234	-18	-514
-202	-32	-535
-177	-65	-553
-150	-80	-565
-126	-88	-574
-60	-103	-592
-45	-108	-594
-36	-109	-595
-23	-113	-599
-11	-102	-600
-12	-76	-597
-63	-67	-588
-95	-77	-583
-126	-66	-572
-272	-86	-508
-269	-132	-511
-274	-160	-505
-264	-184	-509
-254	-156	-519
-196	-88	-548
-154	-19	-554
-153	-85	-564
-192	-121	-550
-217	-159	-536
-206	-69	-543
-207	-51	-540
-186	40	-532
-79	113	-543
-10	109	-555
59	92	-563
104	91	-559
156	68	-559
158	96	-550
123	128	-539
102	132	-542
61	106	-553
68	97	-555
64	101	-557
64	118	-550
-57	144	-529
-222	28	-517
-258	-83	-515
-165	-321	-520
-105	-358	-529
-71	-375	-531
-43	-375	-534
-19	-348	-550
20	-348	-553
58	-356	-551
97	-309	-565
125	-281	-571
144	-25	-574
193	-99	-574
